0 0.058554 0.381818 0.042068 0.084848
0 0.105738 0.454545 0.034109 0.064646
0 0.153775 0.337879 0.043773 0.108081
0 0.316361 0.082828 0.076745 0.090909
0 0.321762 0.283333 0.048890 0.059596
0 0.324604 0.368687 0.036383 0.040404
0 0.321478 0.419697 0.028993 0.039394
0 0.323183 0.459091 0.027856 0.033333
0 0.319204 0.503030 0.019897 0.030303
0 0.481506 0.403535 0.029561 0.045455
0 0.433753 0.470707 0.020465 0.028283
0 0.506235 0.345960 0.039225 0.045455
0 0.574453 0.246970 0.054006 0.065657
0 0.572179 0.425253 0.026719 0.040404
0 0.549724 0.491414 0.012507 0.047475
0 0.510214 0.501010 0.019897 0.030303
0 0.550861 0.539394 0.022739 0.038384
0 0.725101 0.436869 0.033541 0.079798
0 0.941694 0.191414 0.075608 0.122222
0 0.809805 0.390404 0.035814 0.049495
0 0.918954 0.354545 0.082430 0.163636
0 0.677917 0.459091 0.018760 0.033333
